1000
43 41 57 57 
49 58 68 92 
73 77 79 78 
46 50 52 71 
96 37 116 48 
22 37 26 37 
69 28 76 31 
59 36 72 39 
102 58 103 60 
96 109 103 115 
50 39 52 47 
66 42 67 48 
96 14 97 17 
72 47 72 50 
19 26 35 30 
10 65 35 67 
65 54 96 54 
79 99 81 113 
29 24 57 26 
99 86 104 86 
13 99 17 100 
69 1 70 6 
86 18 100 21 
86 96 110 107 
57 80 63 84 
32 54 54 54 
13 71 17 87 
115 19 126 23 
80 25 108 27 
58 41 59 45 
110 74 115 75 
28 93 42 93 
53 75 58 78 
17 80 25 84 
96 26 118 26 
79 68 88 79 
54 25 58 58 
65 64 66 99 
39 101 46 137 
11 49 44 49 
74 3 93 3 
15 50 24 65 
32 51 32 53 
55 54 56 54 
41 96 43 97 
89 93 121 103 
19 12 48 16 
93 91 93 110 
87 101 93 119 
82 79 86 83 
15 31 23 50 
9 59 13 65 
70 73 70 78 
66 56 92 73 
17 89 23 92 
59 55 61 61 
74 111 76 126 
10 34 28 58 
75 45 78 53 
53 91 53 92 
63 75 65 78 
89 59 90 79 
24 4 36 12 
66 100 89 109 
52 41 79 72 
76 19 86 27 
76 78 78 81 
66 8 68 12 
7 73 25 75 
85 111 86 123 
98 23 99 33 
31 29 52 30 
82 102 91 116 
42 21 42 21 
101 20 105 29 
51 95 53 101 
34 18 39 40 
40 100 41 126 
93 85 97 101 
116 7 121 22 
73 19 73 20 
14 101 25 104 
105 47 105 49 
98 105 103 105 
8 59 32 63 
112 11 119 18 
25 38 36 38 
42 44 50 46 
13 5 13 6 
30 61 30 64 
8 57 9 59 
22 22 32 47 
76 59 83 67 
80 86 87 86 
62 93 63 96 
79 51 90 51 
17 67 29 67 
99 91 99 94 
66 75 67 91 
106 64 111 72 
84 93 94 107 
96 69 106 71 
110 46 115 71 
57 83 72 99 
86 89 87 93 
59 80 67 82 
114 39 123 41 
68 48 69 52 
61 54 66 56 
44 43 50 45 
86 42 98 44 
63 24 69 26 
77 95 85 116 
7 39 10 48 
98 24 121 25 
43 64 59 73 
12 30 12 34 
32 79 50 87 
19 110 20 113 
31 27 40 27 
15 57 36 57 
92 33 93 47 
14 107 22 107 
99 28 103 34 
81 32 84 32 
98 100 98 119 
54 18 68 18 
24 26 24 26 
47 84 47 84 
39 109 40 121 
85 88 91 89 
74 39 77 44 
37 90 56 100 
98 17 98 18 
63 48 70 67 
97 63 98 70 
31 43 38 50 
86 69 89 72 
64 26 65 30 
67 14 82 35 
10 14 10 31 
27 23 41 35 
24 4 27 4 
62 97 68 98 
24 100 31 108 
46 38 49 40 
65 80 76 80 
95 18 95 18 
94 52 94 59 
81 31 84 47 
48 19 51 22 
17 31 20 66 
85 82 100 82 
2 63 18 84 
74 5 77 5 
13 50 26 50 
92 92 93 103 
11 45 13 50 
55 88 57 121 
68 73 70 81 
43 100 54 101 
63 49 84 59 
30 7 63 24 
38 16 42 27 
104 66 104 67 
86 94 104 108 
17 55 31 73 
4 53 37 64 
99 78 106 79 
99 29 99 38 
57 64 57 69 
90 57 119 76 
127 103 128 113 
102 58 102 77 
14 29 22 31 
96 48 98 69 
46 93 50 93 
105 8 115 10 
86 88 118 88 
66 91 70 97 
37 1 38 37 
63 78 63 79 
60 59 85 68 
106 77 112 83 
31 33 31 33 
45 56 53 56 
69 55 73 55 
85 46 90 48 
95 84 111 95 
78 35 92 39 
40 87 45 87 
24 92 24 94 
94 8 94 24 
93 41 102 57 
85 34 90 53 
4 66 34 67 
36 69 48 69 
56 102 61 105 
62 83 83 84 
58 77 61 90 
43 60 53 81 
92 28 102 39 
54 81 57 85 
40 99 49 125 
75 98 87 105 
54 79 73 79 
64 85 69 88 
95 61 110 66 
94 40 112 57 
54 49 55 54 
92 78 93 100 
86 7 90 25 
9 82 13 97 
9 22 9 26 
36 89 36 103 
40 59 41 65 
89 40 91 40 
55 54 73 54 
69 1 72 6 
70 70 70 78 
93 105 93 116 
48 57 64 88 
52 39 55 66 
65 66 66 68 
16 79 16 82 
16 20 25 46 
34 106 34 115 
43 103 47 112 
95 100 95 101 
20 101 23 101 
30 79 47 81 
38 51 56 76 
39 93 39 96 
28 40 29 41 
70 107 76 109 
44 79 59 84 
91 82 107 83 
35 14 35 15 
81 34 88 47 
61 73 61 107 
107 68 125 80 
85 101 91 105 
96 61 107 72 
61 82 101 88 
7 45 27 54 
27 91 27 100 
72 92 87 92 
43 30 51 38 
37 99 46 125 
89 100 90 115 
35 23 39 23 
68 66 72 83 
36 100 38 101 
86 89 90 93 
7 99 30 102 
58 96 92 102 
29 43 36 62 
8 62 8 72 
105 26 110 41 
5 121 42 131 
91 89 108 108 
50 44 51 72 
73 97 73 121 
33 78 33 83 
73 102 82 108 
72 85 77 117 
106 99 133 101 
76 23 87 23 
46 104 48 122 
88 14 100 39 
13 19 13 21 
59 95 68 118 
9 83 13 86 
27 87 38 133 
59 64 71 71 
75 43 91 59 
99 53 103 80 
78 35 83 40 
61 22 72 45 
84 104 84 104 
86 88 97 88 
87 48 90 55 
92 71 103 76 
60 87 66 90 
10 66 12 67 
29 7 35 8 
11 94 31 95 
45 2 51 27 
2 11 3 12 
129 89 138 92 
24 96 30 96 
14 16 30 27 
79 87 81 91 
72 83 84 89 
56 110 56 114 
54 58 63 58 
13 96 16 96 
102 89 104 103 
8 92 30 101 
50 37 83 41 
26 70 29 105 
7 86 22 90 
104 24 115 60 
35 95 39 101 
12 98 22 107 
17 65 20 66 
30 17 52 23 
54 11 56 12 
81 52 92 54 
37 41 49 54 
63 20 65 22 
29 88 56 94 
20 55 20 55 
0 12 0 41 
75 33 80 49 
96 41 101 45 
93 15 96 28 
13 87 16 89 
29 78 31 88 
57 68 60 71 
86 61 90 89 
30 85 45 88 
6 53 45 56 
107 84 120 99 
45 56 71 66 
15 28 24 48 
80 66 84 82 
86 98 90 106 
86 68 94 73 
98 18 98 24 
62 76 67 79 
25 30 35 48 
66 37 66 37 
25 57 36 64 
62 43 65 43 
63 63 63 97 
47 72 63 76 
56 108 62 110 
60 75 75 77 
7 55 29 57 
33 44 36 49 
13 23 14 43 
42 12 57 15 
114 6 114 9 
43 108 48 114 
99 94 107 123 
19 28 57 35 
57 77 74 84 
79 119 83 119 
79 73 89 78 
34 46 42 58 
109 95 111 110 
79 18 81 18 
86 48 86 58 
83 31 87 55 
38 55 59 59 
40 4 41 8 
29 88 30 97 
16 59 30 64 
2 39 7 40 
117 5 117 18 
63 100 73 101 
64 75 65 100 
70 18 71 37 
28 59 28 61 
87 49 90 63 
20 84 25 107 
99 61 107 80 
48 77 74 77 
60 66 67 85 
84 53 84 66 
101 86 130 89 
79 47 108 60 
63 107 64 110 
62 40 76 43 
5 41 12 56 
70 75 70 75 
69 49 70 55 
88 77 88 98 
86 11 90 13 
83 94 94 119 
39 55 44 61 
51 51 63 54 
27 110 36 122 
98 49 104 76 
4 64 15 64 
46 32 49 42 
72 50 79 50 
101 57 103 57 
68 102 68 130 
74 61 78 62 
66 79 72 80 
86 67 103 68 
68 83 71 95 
5 8 41 18 
77 44 78 55 
71 33 78 35 
52 91 55 107 
77 23 106 31 
42 37 53 37 
71 18 71 29 
36 83 48 84 
59 84 59 85 
86 36 92 36 
88 31 88 49 
47 116 63 120 
50 9 61 9 
11 105 11 111 
102 31 108 44 
82 36 100 42 
70 63 70 82 
43 63 46 76 
86 71 86 72 
13 77 29 80 
26 49 32 89 
56 27 63 28 
111 109 135 110 
78 38 88 50 
37 77 48 83 
64 50 71 50 
92 91 134 122 
95 33 95 51 
72 103 83 108 
71 81 86 103 
63 54 85 82 
18 25 24 58 
74 43 77 45 
53 93 54 94 
37 87 47 92 
3 40 8 45 
3 16 5 20 
68 31 94 31 
94 64 101 67 
40 46 40 49 
72 12 75 54 
48 23 59 23 
50 30 51 38 
14 77 14 92 
7 57 15 60 
21 70 34 82 
40 112 73 121 
69 90 72 93 
85 83 108 88 
27 108 38 112 
31 67 32 70 
100 79 101 82 
87 89 89 90 
97 58 116 64 
73 45 77 45 
111 77 111 77 
21 45 37 51 
84 24 98 26 
39 110 60 112 
65 58 74 73 
94 48 109 56 
36 43 55 55 
23 56 26 74 
15 27 37 43 
46 57 48 60 
39 24 39 25 
96 84 99 97 
57 51 70 51 
34 49 36 56 
45 64 45 67 
70 84 70 90 
102 7 107 15 
100 35 115 48 
34 68 36 82 
102 63 102 72 
79 79 112 98 
95 29 99 32 
39 68 58 71 
72 59 79 78 
72 95 78 98 
81 35 103 35 
84 79 89 83 
85 29 86 30 
83 91 98 97 
52 51 52 60 
2 28 19 30 
70 17 71 40 
46 42 49 43 
19 104 21 111 
79 91 90 97 
101 69 105 77 
78 93 94 99 
54 52 93 56 
101 72 115 85 
101 88 104 90 
77 60 102 62 
65 18 70 18 
57 43 58 44 
60 76 70 86 
85 21 85 27 
39 7 39 38 
17 56 28 56 
95 78 118 94 
15 73 16 77 
80 104 84 126 
125 24 132 25 
38 43 50 44 
8 57 16 65 
45 21 56 44 
23 98 30 99 
101 110 105 124 
62 96 65 113 
49 5 59 15 
26 98 37 98 
85 88 107 111 
80 44 82 45 
18 26 36 33 
70 108 70 109 
88 79 126 79 
45 55 51 84 
4 124 4 126 
70 39 71 46 
84 35 123 35 
106 10 110 11 
73 69 73 69 
70 33 77 35 
41 40 47 40 
72 77 81 81 
114 54 115 64 
58 49 64 53 
108 66 129 93 
9 70 20 76 
36 92 40 111 
9 35 16 36 
36 62 54 67 
63 68 68 69 
78 3 78 3 
28 84 47 90 
80 103 86 103 
42 74 50 78 
25 51 29 56 
47 46 47 49 
37 45 52 49 
31 59 41 65 
60 16 64 16 
24 61 34 61 
19 53 19 54 
39 94 55 110 
36 62 49 78 
86 80 99 84 
93 51 102 51 
79 39 85 39 
62 8 77 9 
26 45 32 47 
42 71 42 72 
68 47 72 65 
26 36 30 62 
98 90 107 91 
19 42 22 42 
104 31 117 31 
13 97 31 100 
24 33 26 47 
65 67 66 101 
17 76 25 86 
27 51 43 70 
46 100 55 102 
31 26 42 36 
27 51 32 58 
52 19 55 21 
59 103 61 108 
78 55 78 78 
94 67 96 70 
76 71 77 71 
81 66 83 77 
55 32 62 32 
96 79 100 102 
61 102 62 134 
59 16 60 19 
95 70 104 77 
66 30 75 30 
36 27 49 30 
92 96 93 100 
61 61 79 78 
110 95 112 98 
22 41 22 46 
33 62 50 62 
118 19 123 30 
43 74 46 74 
93 15 94 47 
98 93 98 93 
61 96 74 112 
88 100 109 105 
100 70 117 73 
98 106 103 107 
92 61 92 65 
29 38 30 41 
42 48 55 52 
34 7 44 15 
92 42 103 63 
20 63 25 78 
52 64 54 74 
116 91 116 95 
102 89 113 95 
121 80 134 89 
16 103 17 133 
26 98 30 102 
73 34 73 66 
43 45 47 56 
32 69 68 70 
92 24 128 26 
48 64 59 64 
53 43 76 52 
8 28 11 44 
100 37 103 50 
10 72 14 85 
35 24 36 42 
121 77 133 78 
35 51 45 57 
44 63 46 74 
78 78 88 114 
1 83 1 97 
77 22 77 23 
105 73 125 75 
65 21 68 45 
33 8 49 15 
72 90 87 94 
11 52 13 65 
18 49 28 53 
30 17 46 25 
41 63 46 77 
4 106 16 117 
68 69 72 77 
17 29 21 45 
101 81 107 83 
81 42 89 51 
100 25 104 25 
59 95 67 97 
90 28 90 33 
99 77 110 80 
44 79 50 81 
107 119 112 119 
29 93 35 94 
22 68 26 68 
92 8 95 27 
9 78 23 87 
64 24 64 30 
17 90 18 103 
59 31 67 32 
90 33 91 34 
35 70 38 72 
74 87 91 98 
72 78 72 91 
72 44 74 63 
24 82 24 84 
10 58 16 63 
94 92 104 103 
8 79 12 90 
69 6 75 25 
97 95 127 100 
51 85 60 98 
104 50 110 55 
100 72 117 76 
78 24 78 30 
32 46 38 52 
57 81 70 100 
15 41 15 41 
84 33 90 33 
49 53 64 56 
87 17 89 26 
28 49 29 72 
63 22 76 28 
43 134 49 135 
87 91 88 91 
19 23 19 25 
2 39 8 42 
86 31 92 39 
67 18 73 22 
60 30 68 51 
12 79 14 79 
76 10 76 12 
51 94 89 95 
95 104 96 114 
31 55 37 55 
44 32 45 34 
83 33 83 40 
51 95 56 98 
65 92 83 101 
69 43 97 43 
59 45 75 53 
97 72 108 84 
99 65 104 68 
69 71 78 74 
92 101 101 104 
39 48 54 60 
79 58 103 62 
96 43 115 45 
71 13 74 21 
23 62 26 62 
38 16 57 39 
32 84 40 84 
92 29 93 42 
80 19 80 28 
61 48 62 56 
58 93 88 107 
72 39 72 41 
74 90 74 96 
48 48 58 55 
65 96 66 96 
10 82 12 92 
69 78 76 80 
53 106 64 108 
0 60 0 66 
94 67 96 71 
59 36 61 36 
33 83 34 92 
85 61 87 75 
23 104 23 105 
53 68 66 69 
82 111 103 120 
63 36 66 47 
86 61 95 75 
92 82 110 82 
13 36 20 56 
70 55 80 57 
71 8 78 45 
77 118 77 122 
41 19 43 23 
46 98 49 102 
3 79 10 83 
68 91 89 105 
93 16 94 27 
88 22 94 48 
36 33 45 36 
91 101 92 108 
69 60 69 60 
67 100 86 100 
60 53 62 53 
32 15 32 29 
101 74 101 77 
9 70 26 81 
45 93 56 96 
5 106 13 112 
77 50 88 52 
24 50 36 58 
37 104 43 106 
94 83 98 83 
29 48 30 52 
78 50 79 51 
9 23 20 30 
18 103 26 115 
42 94 50 96 
32 98 36 105 
82 96 85 112 
93 21 97 57 
95 36 107 48 
40 38 40 53 
64 75 69 79 
59 75 64 75 
93 13 99 15 
26 29 26 39 
79 55 80 66 
76 89 82 104 
35 27 36 30 
35 76 53 106 
50 30 54 34 
49 26 53 37 
55 86 65 86 
65 52 71 54 
101 90 113 108 
56 28 71 50 
39 70 43 70 
49 65 66 65 
62 114 72 114 
67 57 71 63 
30 28 35 56 
109 49 132 81 
18 24 20 28 
102 23 106 28 
29 107 30 114 
49 105 54 120 
101 85 116 94 
94 21 104 25 
79 10 86 24 
95 61 97 64 
35 57 35 59 
38 40 43 51 
34 74 65 88 
67 78 76 80 
60 32 61 32 
28 79 36 82 
96 67 98 90 
28 82 37 97 
83 92 98 119 
95 59 100 62 
81 85 97 115 
61 60 70 61 
58 11 59 17 
84 86 95 90 
86 40 95 57 
26 108 33 110 
57 77 67 81 
98 9 98 19 
62 40 87 56 
31 99 51 109 
102 69 119 72 
50 93 50 95 
77 101 95 106 
19 38 22 41 
69 104 71 111 
41 72 45 72 
43 18 48 19 
69 63 95 83 
7 61 15 64 
13 8 35 17 
19 21 20 32 
40 73 44 74 
97 21 98 27 
13 56 31 57 
81 50 115 56 
85 11 89 49 
28 90 28 94 
11 81 12 87 
42 51 43 62 
65 80 77 84 
65 89 70 103 
8 12 16 13 
92 82 100 82 
79 47 103 55 
64 62 80 65 
98 103 109 105 
78 99 82 103 
53 86 81 91 
85 15 85 19 
64 44 68 46 
67 92 69 111 
46 32 68 59 
90 82 91 92 
93 71 97 95 
18 0 24 2 
22 33 22 35 
38 50 40 62 
27 56 52 56 
82 37 82 44 
97 33 98 39 
9 28 31 40 
63 69 72 79 
94 132 97 133 
39 43 41 46 
61 38 78 40 
37 111 38 137 
21 78 24 78 
86 14 88 18 
65 110 68 126 
99 66 120 68 
53 29 91 36 
55 39 57 53 
38 58 52 62 
25 28 30 28 
65 87 72 91 
47 12 53 16 
15 3 21 5 
97 95 105 95 
35 71 49 81 
43 63 53 65 
84 47 90 47 
56 14 63 19 
61 79 76 79 
50 7 50 15 
17 84 19 84 
113 15 113 36 
38 39 42 56 
32 80 58 81 
19 58 19 76 
74 83 75 83 
74 47 83 65 
80 93 107 118 
83 46 89 51 
109 96 109 96 
90 84 132 108 
96 75 97 93 
106 68 106 74 
41 78 78 83 
61 88 62 92 
41 43 49 43 
34 56 36 67 
37 80 37 95 
51 38 52 42 
32 98 43 101 
79 28 112 28 
61 95 67 95 
23 78 51 103 
9 20 13 46 
15 21 16 21 
97 82 100 93 
77 90 94 96 
21 77 21 78 
15 89 22 123 
105 79 108 89 
17 39 21 39 
26 23 31 23 
80 48 84 58 
63 60 63 81 
41 129 52 138 
75 6 75 6 
4 100 13 132 
19 40 30 47 
67 93 76 107 
110 37 121 50 
74 18 83 26 
92 16 92 17 
16 60 31 62 
26 29 34 29 
41 24 41 26 
106 40 118 41 
25 63 48 63 
86 61 86 78 
32 51 34 51 
47 75 56 78 
19 96 29 96 
87 70 106 72 
95 47 95 57 
81 2 97 3 
16 41 16 56 
30 95 30 99 
98 120 131 139 
35 17 38 17 
4 60 9 74 
27 74 32 77 
14 21 17 22 
88 108 91 113 
52 96 58 115 
54 56 54 61 
68 48 81 67 
8 96 8 97 
7 117 7 126 
5 89 32 90 
97 66 107 72 
3 73 4 85 
76 20 92 20 
112 98 125 135 
22 52 40 72 
99 25 101 32 
71 85 75 86 
11 55 22 71 
57 63 62 83 
95 16 98 20 
37 23 43 34 
74 62 79 70 
47 0 47 6 
31 52 44 54 
44 89 60 89 
24 107 24 110 
9 16 30 16 
46 52 55 55 
39 78 45 78 
65 81 66 83 
98 73 106 74 
98 5 102 9 
87 1 96 18 
4 44 7 44 
53 47 60 63 
65 8 67 35 
104 83 121 95 
36 80 54 93 
62 37 81 47 
23 71 25 71 
46 41 51 42 
98 50 129 82 
83 21 87 21 
40 3 45 4 
27 35 33 48 
94 74 100 82 
70 39 94 39 
13 48 14 52 
93 22 95 43 
90 17 97 23 
20 74 33 75 
32 43 42 67 
73 61 110 71 
22 81 26 87 
75 74 82 81 
16 19 20 23 
47 32 73 57 
26 56 27 61 
72 75 73 82 
90 50 101 60 
61 60 64 60 
63 7 72 8 
12 16 12 29 
30 68 37 76 
95 86 103 87 
79 109 79 115 
89 4 97 11 
100 59 121 73 
69 82 76 87 
21 76 29 76 
39 48 39 50 
56 50 56 50 
114 93 132 115 
53 69 59 69 
69 59 71 72 
71 64 78 64 
72 31 87 33 
50 85 51 89 
101 90 104 112 
53 82 53 85 
