200
51 34 67 58 
62 30 72 45 
40 8 44 8 
40 6 53 9 
106 85 125 92 
108 55 125 79 
119 37 122 48 
110 14 114 49 
61 75 65 81 
68 73 96 84 
50 82 53 92 
42 89 57 94 
35 60 35 76 
26 49 34 62 
90 32 104 33 
92 38 96 43 
28 28 28 32 
28 11 28 15 
30 53 30 54 
36 53 38 55 
97 63 98 80 
82 65 92 65 
35 86 61 92 
40 89 41 96 
62 55 68 58 
55 57 57 64 
63 59 72 85 
69 69 71 74 
28 40 39 41 
19 38 30 38 
95 78 104 78 
97 77 103 77 
68 46 82 58 
76 50 79 54 
17 100 23 113 
24 99 26 113 
55 114 66 120 
31 103 57 118 
100 31 102 34 
117 30 122 43 
47 60 47 73 
47 72 47 73 
99 112 104 123 
106 116 116 121 
97 35 97 45 
86 40 88 56 
53 76 54 86 
43 68 55 90 
60 27 63 46 
36 28 38 45 
79 94 87 97 
88 97 91 97 
101 46 109 49 
101 49 106 61 
36 46 36 52 
29 65 42 67 
54 112 54 114 
54 97 55 114 
9 70 25 72 
9 61 19 70 
22 61 29 61 
17 59 19 61 
47 23 48 49 
48 41 48 45 
13 23 15 25 
11 45 14 55 
81 99 83 99 
77 99 78 99 
56 89 56 92 
37 90 70 93 
63 35 68 58 
63 52 87 52 
79 1 83 11 
78 9 78 10 
19 9 20 11 
18 11 18 13 
86 40 90 50 
60 40 77 41 
56 79 62 81 
57 72 63 77 
91 82 91 84 
79 82 103 82 
37 38 47 41 
49 32 58 32 
60 30 61 30 
65 32 65 33 
30 108 36 111 
34 101 35 112 
81 27 86 32 
83 35 92 39 
63 89 66 104 
66 93 67 103 
63 50 66 61 
58 61 61 63 
45 33 47 44 
44 37 49 50 
21 9 26 9 
15 30 28 36 
46 50 56 54 
48 49 58 56 
78 19 97 19 
83 19 84 19 
77 42 82 42 
74 41 80 48 
91 29 106 38 
82 42 98 45 
20 78 34 86 
20 73 27 97 
77 87 80 88 
75 102 76 117 
23 45 31 79 
27 48 32 66 
13 55 32 67 
28 59 34 67 
33 90 35 108 
32 75 35 102 
53 96 56 96 
55 97 58 105 
46 48 46 61 
26 71 48 71 
83 78 83 81 
82 70 82 72 
80 34 91 34 
73 31 99 32 
90 48 108 77 
104 43 125 60 
99 51 99 51 
98 51 98 51 
74 52 79 81 
74 61 80 84 
79 88 79 92 
73 65 75 67 
26 25 42 26 
39 29 44 29 
28 64 33 106 
7 71 29 76 
84 99 87 108 
69 101 70 109 
61 74 61 86 
61 70 61 70 
79 68 79 69 
73 68 78 70 
51 76 51 77 
50 79 51 83 
31 8 47 13 
45 14 53 14 
40 65 52 67 
46 68 55 68 
14 90 31 91 
18 101 24 108 
85 40 92 41 
87 33 88 39 
25 36 25 39 
20 34 28 35 
66 65 68 86 
66 62 70 76 
40 57 45 70 
35 54 39 81 
19 24 19 30 
17 26 19 32 
52 88 58 88 
55 85 56 92 
12 90 29 94 
22 83 28 118 
43 28 44 31 
45 27 55 30 
25 70 28 74 
26 60 29 83 
95 86 103 103 
107 80 107 85 
83 82 85 99 
84 87 84 91 
39 16 39 32 
27 36 28 44 
4 6 6 17 
7 18 13 19 
45 92 56 95 
50 90 53 94 
93 14 95 18 
93 27 95 47 
7 19 25 19 
17 37 38 49 
28 30 42 62 
30 42 43 60 
54 92 59 93 
48 78 55 81 
96 52 102 53 
102 51 114 56 
58 64 72 66 
62 50 88 57 
90 66 114 71 
96 62 124 75 
36 70 51 93 
35 79 36 100 
88 104 89 107 
91 103 91 109 
63 12 64 12 
62 12 65 12 
9 15 13 19 
11 17 17 22 
